14 19
1 1 3 3 1 2 2 2 4 3 3 3 4 4 5 5 5 5 1
1 1 2 3 7 2 2 5 4 3 3 3 7 7 4 1 5 5 5
1 4 4 6 7 2 2 1 1 4 6 3 6 7 7 6 2 2 5
5 4 4 7 5 5 3 7 7 4 1 5 1 1 5 5 5 5 2
5 7 7 7 5 6 5 3 7 7 2 1 1 1 5 5 6 6 2
3 2 7 7 6 6 5 1 7 7 2 2 2 4 5 5 6 6 2
1 3 3 7 6 3 3 6 6 4 2 5 4 4 1 5 2 5 5
7 2 3 3 3 6 6 6 1 3 2 2 1 1 4 7 7 7 4
2 3 3 3 3 7 5 5 6 3 4 1 6 0 4 1 1 1 4
3 3 3 3 4 5 5 5 7 7 7 7 6 6 6 2 2 1 1
6 3 5 7 7 5 7 5 3 7 1 4 7 6 6 2 2 3 1
6 3 3 4 5 5 6 3 3 3 4 4 3 7 3 7 7 7 6
5 2 2 4 5 4 3 7 3 3 4 4 4 3 3 7 7 7 7
1 2 2 2 4 4 7 7 4 4 4 4 7 7 3 1 7 7 3
